6011 4172 5950 9198
Discover
6011 0430 8746 4644
Discover
4532 4033 3175 0831
Visa
6011 8689 7529 3444
Discover
6011 8635 1128 9832
Discover
5145 9222 3615 8234
MasterCard
4716 8280 5212 5466
Visa
3712 302250 39274
American Express
3770 857293 05579 American Express
5599 4571 4118 3358
MasterCard 3780 267025 51176
American Express
6011 6390 3796 6479
Discover
4485 4624 7063 4864
Visa
4532 0861 1932 5122
Visa
4532 4609 9756 3049
Visa
6011 3555 1714 9300
Discover
5476 5183 5809 3834
MasterCard
3778 308155 15536 American Express
6011 3160 8535 6933
Discover
3496 876139 06837
American Express
3466 742707 81102
American Express
6011 6996 9940 0159
Discover
6011 3816 2415 9719
Discover
6011
 6871 7995 9224
Discover
5520 6129 5998 3075
MasterCard
5307 4670 7946 7296
MasterCard
4532 9386 4299 1806
Visa
4916 2969 8450 1170
Visa
4716
4189
 8526
3376
Visa
4556 4618 7843 8732
Visa
4485 0894 7297 8377
Visa
6 0 1 1  7 6 2 5  7 8 3 6  2 6 8 2
Discover
6011 8191 0250 6091
Discover
6011 0602 9194 8410
Discover
3745 497949 57328
American Express
5455 8292 1359 0434
MasterCard
5541 7399 7761 3247
MasterCard
5559 0610 8933 3716
MasterCard
5427 8194 1616 5774
MasterCard
5371 2590 5475 0635
MasterCard
6011 7372 4491 6657
Discover
6011 1055 3866 1902
Discover
4024 0071 9309 0171
Visa
6011 4086 1135 0470
Discover
4929 6570 4080 5951
Visa
4556 3822 4783 4999
Visa
3493 215535 54957
American
Express
3403 137820 43802
American Express
6011 2396 8439 4347
Discover
6011 6766 2381 3665
Discover
